4.309901051240796477e+00 4.174589393006741034e+00
4.500795737932614671e+00 3.604371397467831084e+00
4.564715920390102433e+00 5.748078764672484908e+00
6.765445123332401778e+00 6.245456716276915898e+00
4.733802309125134222e+00 5.446038756157536298e+00
6.007164887603453352e+00 6.176532583793760800e+00
5.301996169297671813e+00 5.581647389054200659e+00
6.983809008163474275e+00 7.561039743073180830e+00
5.213092177765267898e+00 4.875128517648987803e+00
5.049194740050578112e+00 5.871713454161955781e+00
4.692912931258892861e+00 4.662861499677007693e+00
4.649302808592796765e+00 4.731825162903968263e+00
4.815162034842776606e+00 4.639114674316756393e+00
5.381354046582371708e+00 5.138428891752031547e+00
6.668616713359358350e+00 6.576864881259433915e+00
5.657762078566342723e+00 5.418172148512443442e+00
6.075624739001759700e+00 5.861442105077427911e+00
6.102989038084022155e+00 5.366076985245507025e+00
4.379910103862138193e+00 4.031930415092018549e+00
4.523479865958918822e+00 5.442250919376007801e+00
4.008975306629646518e+00 4.321961592401159180e+00
4.980391664486576886e+00 5.679576411068685715e+00
5.416775099268990701e+00 4.397853898871581180e+00
4.744133295748742540e+00 4.039084995557484348e+00
5.013786466280499177e+00 4.475317167060438805e+00
4.578321860303241841e+00 5.565320172599368398e+00
5.315460090066014942e+00 5.334534212147000076e+00
4.901086255609256703e+00 5.874123467611049421e+00
4.554582283252867292e+00 5.350351416336835086e+00
6.164704348936449918e+00 5.998365338025462457e+00
2.759822548035890222e+00 3.534915515733754177e+00
5.013411610930528894e+00 5.699102280453010039e+00
4.600925164984409399e+00 5.609791951501657437e+00
5.399970783152137521e+00 4.858950285818757209e+00
4.816612539047928188e+00 4.558208507761531969e+00
5.662155827294006905e+00 5.716017016275160678e+00
3.429425674518080225e+00 4.149893633572590446e+00
2.720534296224061954e+00 3.407914333469696189e+00
4.536631384904389108e+00 4.636837370472354891e+00
4.901122633269309858e+00 5.036892089847971654e+00
5.008467897135909119e+00 4.408771128147508378e+00
5.875826302841762327e+00 5.664852292103558895e+00
4.833458046162521171e+00 3.605127333202742257e+00
4.423103943083326328e+00 4.948949935393610389e+00
5.427649990661247870e+00 5.628580651792367995e+00
6.081427201273214678e+00 5.510975936716066670e+00
5.052532071176443651e+00 5.745561124907420769e+00
5.977175636154331784e+00 5.582339270241526208e+00
4.968886210645117707e+00 5.221108531898563498e+00
4.265051100442494025e+00 4.520589945080841332e+00
5.566896712852283713e+00 5.390111314985711388e+00
3.731065976252657013e+00 4.299256332067183273e+00
3.705593713121127397e+00 3.927304680300956807e+00
4.654358243446010235e+00 4.870072317890004499e+00
5.528546551090527394e+00 5.330564614766263531e+00
5.785170572887845530e+00 5.689286533889097441e+00
4.811014782818737956e+00 5.226502009831484941e+00
4.624359438534127342e+00 3.928019882979334909e+00
4.498744490227660542e+00 4.443028710816885329e+00
3.962160559808220572e+00 3.959102039317616839e+00
4.972730632131078465e+00 4.964887581754129364e+00
5.212920843747918198e+00 4.820927207273521198e+00
5.534319518723962439e+00 5.396522138414666436e+00
5.478808341693990336e+00 5.368097691674681649e+00
3.566968000965533570e+00 3.919026821887784173e+00
3.843224970289129239e+00 2.916416433857550672e+00
7.155335971750952595e+00 6.841382458228425278e+00
3.703498669134056343e+00 3.289152652665394694e+00
3.993596439695703104e+00 3.928994683652319964e+00
4.339945955193918792e+00 3.579334086027243345e+00
5.151229480485364220e+00 5.071776278285560657e+00
4.220407846623125181e+00 4.932094353921160135e+00
4.442735091265750391e+00 4.450518154894000489e+00
5.585462811238075531e+00 5.525537482948888801e+00
5.294396464527546087e+00 4.311791904333024839e+00
4.618337289501317500e+00 4.636516674678946792e+00
4.263515756050843208e+00 4.586221821071211124e+00
4.763922451606847908e+00 5.730925918653146489e+00
6.197963705062679018e+00 6.214985856085750271e+00
5.886763400852214723e+00 5.037198409346948402e+00
6.416942942549805906e+00 7.004378836056571522e+00
4.476768268896104352e+00 3.821141741217330967e+00
5.468723565995763813e+00 5.406176371535095448e+00
5.982881438261845375e+00 6.066836033896886526e+00
3.963579215429274605e+00 3.116956572356095023e+00
4.101080994553030656e+00 4.714993896679523289e+00
5.397708700749369370e+00 5.127991428862820555e+00
6.155121979454098557e+00 6.607431097211851068e+00
4.265293451882484987e+00 4.068994302545939412e+00
4.880321105224431300e+00 4.230624164547601040e+00
4.629132641896764433e+00 4.689487551657169462e+00
5.513625492793069682e+00 6.126922648868344368e+00
5.633648608474019603e+00 5.196821437249989017e+00
3.663769983044806278e+00 5.183767614201392426e+00
3.819031153376850618e+00 3.883953971068101030e+00
4.881432727248614434e+00 4.321232896687390301e+00
5.734776705324330592e+00 5.440213885926610260e+00
4.589274427247033827e+00 3.758063010470015008e+00
3.973389317836597101e+00 3.626388724206617731e+00
4.685963899083485096e+00 4.306549510223867117e+00
5.850618850497694368e+00 6.424372237626968740e+00
5.507676323638770022e+00 5.894590004396404126e+00
5.388802938127019715e+00 5.333801802507406542e+00
6.466077494462423303e+00 6.200309398918181003e+00
6.084330928876109823e+00 5.628588245074212182e+00
5.934908413564672358e+00 5.426304576559928705e+00
4.426421011574225517e+00 4.312513876836456816e+00
4.415688346798407160e+00 4.684240244776260553e+00
4.167907815611234135e+00 4.251217499897059326e+00
2.654936531475630801e+00 3.011719963098355102e+00
5.317945975161170402e+00 4.810720797949817218e+00
4.998504528167766026e+00 5.634253943744691462e+00
4.473331524096657574e+00 4.807895916133496428e+00
4.075924952417453007e+00 4.446458920054281450e+00
5.165339133800578075e+00 4.827385528293214989e+00
4.438513170339373204e+00 5.092723014808997917e+00
5.117377416047313332e+00 5.284297670508600220e+00
6.252199217678771959e+00 6.156653818072434170e+00
5.982365005745680087e+00 5.251731294748542389e+00
4.821674639841232235e+00 4.684097562411846383e+00
6.308610309712152642e+00 5.804385733519278112e+00
5.254719703382658480e+00 5.394951612170882704e+00
4.971140896679776766e+00 3.765105847167008690e+00
3.961007427403067993e+00 3.645078222032519299e+00
5.180235209501492299e+00 5.560316697821024334e+00
3.060941470789677155e+00 3.241782547130238612e+00
3.925164011539325148e+00 3.696878602941444214e+00
4.408885007575152670e+00 4.726200677793650051e+00
4.472132870240653091e+00 4.780001016113462065e+00
4.701741693691375623e+00 4.819008153214237034e+00
4.551737851468018015e+00 4.312326529344367998e+00
5.088495312544100813e+00 4.978279348934632864e+00
5.408581272441598031e+00 5.525658286423168697e+00
5.270861075480994806e+00 5.751451644370972005e+00
4.641873517073471511e+00 4.174146652695966075e+00
6.561063422430153835e+00 6.293940400007646652e+00
4.350108457180832389e+00 4.660173957383769938e+00
4.347294981188467133e+00 4.194851627882411726e+00
4.551431662792305488e+00 4.943664077830407066e+00
4.942552133922071711e+00 4.884260537640622069e+00
6.823855359014205035e+00 5.859372559366193833e+00
5.804280311720596330e+00 5.626135197064371596e+00
4.233371369331283773e+00 3.905694826801023201e+00
4.773409271892459671e+00 4.233940693412939993e+00
3.287370930412619963e+00 3.241746905844621107e+00
3.642551470212307851e+00 4.324629176264856767e+00
4.548131909065174838e+00 3.829059825232058678e+00
4.967986592294718839e+00 4.826982490531563030e+00
6.060989075153053740e+00 6.163070697445968804e+00
4.731352555232927415e+00 4.343163467287408430e+00
5.965182102756235061e+00 5.513511147384670075e+00
5.459902593243496582e+00 5.021712203054247148e+00
5.333943418676275527e+00 6.209043714271978764e+00
6.218895919754808155e+00 5.822455722450314397e+00
6.308163173652522104e+00 6.631290295195085172e+00
5.123405421547128746e+00 5.582911484220601572e+00
5.300882932527840374e+00 5.087721447332602231e+00
6.888582253940598754e+00 7.008402812430068352e+00
5.843388565286678826e+00 5.021220816089158490e+00
4.880784827353153332e+00 5.035473613781055846e+00
3.894490171137273471e+00 3.680345557871935736e+00
4.193753683006846700e+00 5.076213794301484228e+00
4.662126818585525356e+00 4.247817648517663969e+00
5.687772499286429806e+00 4.617598829272036909e+00
4.900408465248553114e+00 4.351017525161024579e+00
3.193217386617678066e+00 2.783519013447777635e+00
5.542447554526757081e+00 5.645755768133772001e+00
4.015743560227957865e+00 4.802012217896191260e+00
5.520681358300618236e+00 4.754145910448778878e+00
5.237285979492850352e+00 4.375944967249332684e+00
4.463680691191315830e+00 4.508504287393309440e+00
4.843428554661233676e+00 5.572919378027846093e+00
6.133832625717033693e+00 5.365613367851050697e+00
5.071162821337606097e+00 4.723643836858771650e+00
3.348111373703333449e+00 3.602683460490878176e+00
5.204598577804556925e+00 5.559139854193488439e+00
4.987011411468819766e+00 5.622482320657110400e+00
4.626088464069940898e+00 5.213548311864986573e+00
3.971701914272233402e+00 5.022450141766559462e+00
5.530216067749059938e+00 6.145461330333120031e+00
4.487383070835192278e+00 5.101142542279649028e+00
3.903813518400445659e+00 4.259891164541002695e+00
6.422130840396164331e+00 7.638640985168650310e+00
5.436923276353051726e+00 5.635538558518170760e+00
4.235648385135110772e+00 3.438660683988613798e+00
5.545865462978424532e+00 5.052366506990128237e+00
4.287855255408620003e+00 3.187072931571401480e+00
5.660998722774140290e+00 5.277769999280677027e+00
4.800237476495516020e+00 4.170508393758604271e+00
4.230201671803553332e+00 4.367888059766227293e+00
5.951884180920362866e+00 5.603895175202503687e+00
5.087433177405045193e+00 5.491931786959035833e+00
4.800414294620335198e+00 3.675916655897031315e+00
5.602722826099181930e+00 5.726056816800237037e+00
3.814557425150336023e+00 4.565524761200208559e+00
4.228968423827992318e+00 4.364208851038490877e+00
6.294278176211156151e+00 5.819544861518285650e+00
3.922468573530634828e+00 3.894042714976615471e+00
4.958118604442872446e+00 4.916471904405611326e+00
4.270458791694949241e+00 4.128994849340561935e+00
6.114401937616512406e+00 5.727999076037429305e+00
4.007309648167855620e+00 5.317988535260106175e+00
3.430343169247683566e+00 3.705633751596894676e+00
4.672872273988125436e+00 5.069975824876783221e+00
2.803510512012211020e+00 2.280779168655492128e+00
5.816645722276629904e+00 5.984029711204333246e+00
5.165620414943983718e+00 3.777585503372673958e+00
7.523767778125121097e+00 6.462801140284429202e+00
5.770068106704880684e+00 5.437615395354234771e+00
4.532601099867950012e+00 4.814697157462212829e+00
4.150457314094062156e+00 4.507973607899756097e+00
4.794734333554830030e+00 5.016650901950593600e+00
5.538583618295582767e+00 5.853937121676898947e+00
4.514941026572791394e+00 4.394049994473109955e+00
6.002167412036296668e+00 5.420933754304216201e+00
4.643293261359149326e+00 4.618911948043715299e+00
3.238226299648284456e+00 4.383418913762407776e+00
3.319474426367330810e+00 3.482093755373651511e+00
2.517006201212796501e+00 2.991390497483477517e+00
4.888322433659208599e+00 4.409593563017656592e+00
3.194629743337010108e+00 3.010753785611795408e+00
6.038708993295673011e+00 5.356536213281387404e+00
5.232064805191367185e+00 5.168345744302043521e+00
5.710877534692431645e+00 5.388081028008896212e+00
3.120689775054904747e+00 3.090933380879260284e+00
4.799724800420469784e+00 4.816456473241261804e+00
3.349312200540023987e+00 4.344167828921544405e+00
5.363361010447981414e+00 4.414392644087284268e+00
4.348987626822308883e+00 5.157751479660031002e+00
4.146864621872245138e+00 4.699817833653331611e+00
4.527812049447103249e+00 4.769701075585971672e+00
7.001138395655378766e+00 7.527058357181457104e+00
4.068606868621471584e+00 4.367728023195266651e+00
5.152791938595556509e+00 5.659973641798607069e+00
5.339440650334880800e+00 4.718714590540343146e+00
4.487279857921739890e+00 4.621780233097049440e+00
4.746830657434109924e+00 4.115948356423016818e+00
5.120886994708236273e+00 6.235289502031092113e+00
5.483232664839609249e+00 4.993413754499688828e+00
3.698887097441417637e+00 4.070299413578169379e+00
4.325967972646965976e+00 4.844333282701347443e+00
4.276872876895247977e+00 5.152041644365458417e+00
3.898012049489568476e+00 3.623121340769082099e+00
6.196381907441407044e+00 6.273200711508048144e+00
5.569794348419155661e+00 5.091580143311241535e+00
4.515780415248656254e+00 5.034304402002065082e+00
3.239599041022675152e+00 2.399894945115878642e+00
3.366997989375788869e+00 3.682110501693997229e+00
6.555050711119113416e+00 5.278709286278276736e+00
3.361088181853975065e+00 3.359749737824236249e+00
5.564619695547977862e+00 5.306605818019540344e+00
4.295094262986681954e+00 4.383236734799490719e+00
5.253260016019856593e+00 4.624312207510576478e+00
5.282923508155241699e+00 4.018192918824217585e+00
4.509621117435846926e+00 3.857639084206812452e+00
3.869018239512283852e+00 2.858384037652717424e+00
4.531905941695241857e+00 5.311762556227730414e+00
4.579000249700557745e+00 3.791885307061931609e+00
6.725788561078100081e+00 6.801888065713484366e+00
4.793141049032340284e+00 4.263326638463984963e+00
4.772432840936423837e+00 3.528253524875550440e+00
4.183233572736825501e+00 4.787645082103087368e+00
3.563354135632287090e+00 2.919580441853567354e+00
5.576056171132852235e+00 5.287875871519295501e+00
5.391660168840922474e+00 6.762132050716741283e+00
5.295477052419925279e+00 4.379332805755062452e+00
2.718515895032025842e+00 2.671734878902792598e+00
3.920765271897482140e+00 3.355783664404378364e+00
3.412080882399248338e+00 3.135423466481270349e+00
4.702863335343273832e+00 5.362088251128078298e+00
4.816985765007268050e+00 5.367630817145075284e+00
4.667548135232789441e+00 5.147613330128841369e+00
5.613380873962118045e+00 5.239518695784767921e+00
3.976063616441716242e+00 4.337548645875370035e+00
3.705034338047208387e+00 4.736256295776571257e+00
3.502275336890257051e+00 3.448768745350609066e+00
6.597989789542169525e+00 6.452702612242595670e+00
2.941552124538222124e+00 2.571028975196229194e+00
5.588097018575103547e+00 5.688678252033078309e+00
2.629961440773741721e+00 2.708325536274246215e+00
5.499550186499777560e+00 5.501365268977432166e+00
4.531175912664645367e+00 4.232435815493137632e+00
5.035769454076806539e+00 4.812946308057189704e+00
5.098800696878215355e+00 4.990972712636245312e+00
4.654511177133553446e+00 3.365490973075318415e+00
6.366267535023352409e+00 6.281359055092860189e+00
5.154003631944334529e+00 5.055454521223828657e+00
5.496254800292610376e+00 5.432153522238079013e+00
5.747146581596377146e+00 6.009151720119398910e+00
4.792502596860615860e+00 5.559858335681129304e+00
6.152069678140857256e+00 5.360449512203901534e+00
5.550325549328757546e+00 6.644246237141195444e+00
3.411852750704396087e+00 3.955974063491071835e+00
5.018753775838044717e+00 5.338900419086983540e+00
5.661423573722914604e+00 6.464358848662802970e+00
5.368570568920896235e+00 5.321766490220770862e+00
5.218118073797925582e+00 5.370857972743642961e+00
6.104963427208932814e+00 5.966116328775906474e+00
5.535605718144247511e+00 5.797050180569081057e+00
4.917164010254865936e+00 5.103181317905343128e+00
5.148850069543813746e+00 4.605242422474403519e+00
4.643152163330885429e+00 4.811656039716942779e+00
5.983626023191049192e+00 5.952726222251571997e+00
3.736923730837413693e+00 3.887055751238794876e+00
6.031608701538822004e+00 5.956623018050764884e+00
5.787893825427189221e+00 5.920112971035502270e+00
4.682869198840030833e+00 4.871679232137995363e+00
6.781382266416693838e+00 6.617284551162772033e+00
4.155678034770257767e+00 4.697616947075577976e+00
5.206354513384710003e+00 5.383272940976669751e+00
5.869854026119250889e+00 5.625568387695061290e+00
5.263824904750194378e+00 5.241436648336191162e+00
4.791661385114359462e+00 4.973490286457061593e+00
4.122753176979246703e+00 5.407355831146956504e+00
5.752955477722497157e+00 5.413276860406186941e+00
5.518935786884563655e+00 4.717236229777867607e+00
4.384680003007556337e+00 4.052492469646823636e+00
5.984338843800525609e+00 5.931156980830740721e+00
5.738730735038405584e+00 5.709238940422067365e+00
5.646348415063744852e+00 5.665257697259240111e+00
5.245387900197675535e+00 5.104894462695400925e+00
5.151325495762682394e+00 4.966108914744959968e+00
5.756699320423640742e+00 5.946088387682784138e+00
4.968426611062120024e+00 3.944132078277324371e+00
3.703294612908089256e+00 3.808723337045631929e+00
4.624384582738768401e+00 5.300573154669463882e+00
4.409250384463950567e+00 3.869334980451331063e+00
5.608355789940796754e+00 5.167041890796707726e+00
5.707904860431961325e+00 5.682352339237109362e+00
4.394829080806744059e+00 4.537658164413439721e+00
4.569909417111118088e+00 5.363035496124365586e+00
5.868033611693554974e+00 5.434179375401194001e+00
7.253494212204437019e+00 7.710019790069275736e+00
4.773223198610514473e+00 4.575670492116199917e+00
6.903666296005383174e+00 6.483727529651561738e+00
4.759427460849249059e+00 4.393649035962706506e+00
5.430829633478542640e+00 5.873213520306468816e+00
6.012998030350349410e+00 6.224875456840023524e+00
5.638092512570158199e+00 6.105469263850143768e+00
6.431075479324578126e+00 5.039060564808655940e+00
4.840964879702696066e+00 4.654810528955999338e+00
4.354033234602139757e+00 3.992576609841201218e+00
5.830642375049231774e+00 5.309746471819382307e+00
5.486995826840429302e+00 5.023625943476329070e+00
2.982974072231663332e+00 3.177834002877564235e+00
4.456957832184233581e+00 4.245164608908801540e+00
4.152741183695625615e+00 3.625407694453468554e+00
5.529778997342832625e+00 5.803453180940692846e+00
4.050265017112590016e+00 3.804606453618487372e+00
5.264934266273419539e+00 5.105579190016582558e+00
4.762938435899338074e+00 3.692762126907723541e+00
4.831779060472873866e+00 4.915303267463177583e+00
7.409079517124187220e+00 6.134339397895018919e+00
6.420089964508211011e+00 6.457193182570260426e+00
4.361051042410855949e+00 4.523907828397888409e+00
4.426579725072604887e+00 4.613526317866886828e+00
4.865551481996158500e+00 3.872684769988612885e+00
5.803536736156262421e+00 6.344714775755863734e+00
3.949917513818042458e+00 3.656929420912672590e+00
5.322511287872004004e+00 5.323079079217871268e+00
4.806583038065728175e+00 5.008964431308505105e+00
5.776342816241549549e+00 5.934117239858553106e+00
5.701049677109667257e+00 5.780294440154074564e+00
5.291323622002015448e+00 4.885002476894511503e+00
4.105621059013859764e+00 3.797839019132406957e+00
3.918752063908753414e+00 3.732458419321528442e+00
3.738207288020981345e+00 3.455705958762487651e+00
5.367615093834515072e+00 4.826101132850936892e+00
5.167752819157642286e+00 4.710466272635109419e+00
5.012390890145382194e+00 5.293560409636090647e+00
4.085234353552865016e+00 3.625036630296780693e+00
4.983114394069206199e+00 5.655339904421252228e+00
5.232210618599298257e+00 5.818053687030147358e+00
4.206257211197033108e+00 3.264188221486794994e+00
5.744252602069556346e+00 5.604102411319010102e+00
5.957116298165193058e+00 5.106599295478265077e+00
6.847020386171654316e+00 6.877745414486499342e+00
3.078389311178081567e+00 2.594195724945173698e+00
4.955332554237317666e+00 5.132737474862862470e+00
6.473985958495598325e+00 6.073654935354211304e+00
5.566227924724615583e+00 5.270340247220500984e+00
4.518536090439202013e+00 4.375769787522093779e+00
5.148129915339828777e+00 5.094143948649318965e+00
3.585555873952859240e+00 4.588320555532478195e+00
4.413092548601840193e+00 3.987651501282926780e+00
4.146515262253701373e+00 4.196481683934479179e+00
4.616622070564750935e+00 4.485878395391218021e+00
3.752871070180609614e+00 4.041492552741790867e+00
6.023173716641750275e+00 6.260215787095272155e+00
4.829670015784372161e+00 4.924201936681811276e+00
5.189522200095117554e+00 5.938972921200815769e+00
5.765547955348597320e+00 6.107914105502609381e+00
4.540963314860851696e+00 4.491996981064581895e+00
5.086579510564604334e+00 4.352250242190697449e+00
5.075965342148632153e+00 4.615516149712322047e+00
4.783188875428595388e+00 3.755802944663347187e+00
4.326823652797961550e+00 4.549324690131166804e+00
4.524479649896527178e+00 4.585894294981580188e+00
4.103617796239919180e+00 5.338300038040737938e+00
5.120299216709143231e+00 4.858680354668000412e+00
4.146484656549399794e+00 5.802726337656402222e+00
4.218149899155784865e+00 4.606269142888173462e+00
6.152356711924956478e+00 6.339262676104894467e+00
4.813752870307799192e+00 4.352307833751499544e+00
4.634502186123130585e+00 5.354948126535873598e+00
5.492649771626750166e+00 5.182335456798544016e+00
5.185475038871760312e+00 4.795870354258209289e+00
5.254159508126245548e+00 4.279260841230951407e+00
4.487557023029147274e+00 4.363656856990778543e+00
3.610504864515767576e+00 3.776683817520892106e+00
6.017289423446148255e+00 6.028388298348191121e+00
5.157044231662166744e+00 5.250363058783952042e+00
4.693795022086262314e+00 4.482504959409782330e+00
4.911300905943670081e+00 4.232920077300285300e+00
5.415942504765545173e+00 5.291636214363510504e+00
4.671321375610398619e+00 5.262251987218157900e+00
5.020415494807467738e+00 4.600690826226602859e+00
5.036107783835954699e+00 4.459690039904936398e+00
4.638106193845301206e+00 5.135997061952702225e+00
6.581830403945454044e+00 7.258113971034601875e+00
5.126157058625686602e+00 5.827747406074347047e+00
3.879478555602616119e+00 3.692847839107836094e+00
4.784274752443094414e+00 5.250113980754510301e+00
4.659112241590993797e+00 5.261604226069574786e+00
5.125991128520285933e+00 6.011273671337438174e+00
6.205873037197213726e+00 6.832461439542111492e+00
3.715670784711660346e+00 4.254124587256661982e+00
4.607634862805841003e+00 4.729919552463938359e+00
4.944322864503424952e+00 4.413627158395458494e+00
5.578144581643734057e+00 5.466086360305508762e+00
6.119076748743784933e+00 5.427088895496463117e+00
4.990455994763199676e+00 4.291380799750485586e+00
5.342512646432808765e+00 5.252525377387868843e+00
4.978303451099051813e+00 3.947090670585021499e+00
4.882985783259999657e+00 4.714802072179507419e+00
5.001769491904575204e+00 4.373875546464605968e+00
8.071197946585648708e+00 8.425522956414853937e+00
5.540366614264232048e+00 4.225890056095294334e+00
5.124846491263132187e+00 5.708104672866685547e+00
4.538619787123904459e+00 4.311005836787354717e+00
4.836358158162532561e+00 4.229588039874046856e+00
4.335483339243733525e+00 3.475610539208840777e+00
5.053210686634953319e+00 5.217917053482042711e+00
5.620191782627767196e+00 5.969619439571001607e+00
5.525850823157415270e+00 5.692941423852405869e+00
5.827367966304356273e+00 5.532423282126829989e+00
4.560191843666625999e+00 5.362303377574829000e+00
5.133705374020923529e+00 5.228479387279156398e+00
3.221764070349993681e+00 3.643488203750296250e+00
7.379857761498010760e+00 7.195202929670196923e+00
4.568426093460915993e+00 5.226851498186513290e+00
5.213501975917290920e+00 4.585421721553047725e+00
5.457174529310914401e+00 5.295611232502487553e+00
5.354923708728620113e+00 4.933097223148935839e+00
4.878662523161173326e+00 5.134061484578939627e+00
3.054325760156039848e+00 2.578383491011735806e+00
4.213398148609460492e+00 4.492567846628203299e+00
6.162851351864953031e+00 6.539175982168387691e+00
7.560071367170493772e+00 7.847640914545191748e+00
5.252725672279182412e+00 5.018150308860453102e+00
2.956336105044793161e+00 2.365225071115755640e+00
3.717043646113997291e+00 4.685329275052658282e+00
5.483688420776705819e+00 5.896964611847334226e+00
4.943818873466209851e+00 4.608853619993560358e+00
5.597138636968037595e+00 5.541886716307679706e+00
3.001063465946092634e+00 2.874843475389926795e+00
6.182922443672104862e+00 6.472933759261995768e+00
4.702015355806098640e+00 4.554351644623166884e+00
5.014447906533099797e+00 4.398249686727211838e+00
5.208202468192098422e+00 4.688175392202792224e+00
4.471616914115568164e+00 5.826689021658049583e+00
6.134779395642685706e+00 6.645829988170058655e+00
5.106250431805898771e+00 5.039334308873790746e+00
4.143155107341661036e+00 3.876757882852152726e+00
6.742187637059419814e+00 7.329758477396953076e+00
5.377433498750944452e+00 4.486614369746184217e+00
4.971805147863356034e+00 5.128806361967032323e+00
5.617950682369612814e+00 6.682083937693525932e+00
3.392335834516547521e+00 3.253066376304955654e+00
6.057409670606901386e+00 6.953458203612013833e+00
5.947989615313301393e+00 5.628926482733225711e+00
5.039892607460094709e+00 4.958071796926376784e+00
6.812046886123863665e+00 6.452631924928766693e+00
4.069279582020707053e+00 4.372631159040632376e+00
4.734596543708519789e+00 4.607323400895603882e+00
4.007730395901305975e+00 5.232764091696780362e+00
3.317144524628888647e+00 4.038621329034551621e+00
4.626549858971111817e+00 4.643809943043313737e+00
6.377363932838107097e+00 6.874395858702384565e+00
4.397082930782730159e+00 5.243189661645990540e+00
4.595363938818284311e+00 3.950974368179088536e+00
5.228753693967166605e+00 6.152846831526261440e+00
5.404484510793179375e+00 5.981952678500912945e+00
4.623428453145353778e+00 5.648619693291796473e+00
5.258205552747203804e+00 5.329107211661405330e+00
4.253142889705792129e+00 4.379097351773797442e+00
5.483110541469405241e+00 5.388828404412534745e+00
6.509905290707199477e+00 6.071086149084616856e+00
5.775846057943264000e+00 6.006448253548668070e+00
6.956000670227285632e+00 6.320900395727852228e+00
4.104155333881095657e+00 5.244344005280284549e+00
6.075195455678735534e+00 6.187040636574343111e+00
4.430954292171557007e+00 4.829315732367854608e+00
5.457292290977222571e+00 5.094116537743537343e+00
6.891987568306917389e+00 7.347256116294470729e+00
5.159543029060416508e+00 5.834260496097597226e+00
4.610159181834948328e+00 5.488053739534194619e+00
6.427213400050252545e+00 7.044283301677155329e+00
4.533714803122364856e+00 5.071794601838231387e+00
5.937549519130518760e+00 6.928456107098331707e+00
4.203250827521787691e+00 4.180790391839415143e+00
6.205715319818970066e+00 5.673707769220010633e+00
4.633323880228531699e+00 5.193908459586980442e+00
5.369428243029551240e+00 5.262204016584220767e+00
6.322041086724157211e+00 6.015261934322305493e+00
4.428741955749517345e+00 4.002258516198961225e+00
5.264614868191162422e+00 5.292003792537423479e+00
3.858616242610293234e+00 3.849148334572023433e+00
2.822542611196298790e+00 2.073035076092312412e+00
4.599488452255177329e+00 4.236228065812963628e+00
3.673219706468859869e+00 3.686339001846236307e+00
5.977563715412122392e+00 5.863428754477144622e+00
5.770796307554688198e+00 5.479493679964337893e+00
6.503429326337506033e+00 6.441207976470813890e+00
5.101839065459211398e+00 4.729409605019820440e+00
4.280853886557106414e+00 4.338710496882612233e+00
4.943238835373331419e+00 5.131831884394353338e+00
5.259937621206374203e+00 5.396098006757112486e+00
3.023860266076887626e+00 3.711518212571452313e+00
4.799595255524909732e+00 5.344140381774376003e+00
4.792496747841981986e+00 5.321890277591576179e+00
3.803479389374047059e+00 4.070020984717978685e+00
4.799228884142346274e+00 5.502517464816055082e+00
5.056921879162739053e+00 5.417239606760203330e+00
6.302039612462485785e+00 5.976190504751780708e+00
4.982832722752393195e+00 5.403707852631089992e+00
4.206017785455247626e+00 4.314310407151864979e+00
6.621853424520566023e+00 7.194470995202999930e+00
5.016121624824141811e+00 4.818179476827597618e+00
5.125331174691146074e+00 7.046241418134860268e+00
4.944730659850732124e+00 5.071785675057738807e+00
3.341477194774795656e+00 3.659927782454412970e+00
4.828714855200390232e+00 4.821136802751000872e+00
4.033422027929990605e+00 3.739631852547478097e+00
4.612481051048393788e+00 4.191998987929292930e+00
6.039043870755961052e+00 5.436550860982144684e+00
3.995267151605653932e+00 5.010416779604515369e+00
3.305193627405352608e+00 2.770651434068366115e+00
5.141937686881255409e+00 5.411492326560748189e+00
3.382262076710081278e+00 4.478595335416408751e+00
4.368323821809631191e+00 4.106010382816664972e+00
3.757539662956060234e+00 4.317164393604763006e+00
4.652746279025501863e+00 4.465759529935068528e+00
5.837028627312584206e+00 5.499829724258155750e+00
6.382705286717433424e+00 6.536174719302260350e+00
3.691455554665928673e+00 3.776487022384922287e+00
6.108206575773161617e+00 6.013235878153041725e+00
4.720435055954549597e+00 4.574736748464372837e+00
5.019579066116449440e+00 4.372566396557199475e+00
5.433120190876307376e+00 4.860887723997417531e+00
6.014346360756912091e+00 6.596055048364898532e+00
6.469508297161805643e+00 6.454349947316719849e+00
4.618337001017734700e+00 4.979689884604953320e+00
5.917929400914277771e+00 5.915842089036838836e+00
4.405392373243502746e+00 4.817649061090846452e+00
6.490067537727171043e+00 7.139327687586762394e+00
4.348989429664088746e+00 4.201428080359748130e+00
5.728226987776887213e+00 4.923447127762075937e+00
5.219678705317108758e+00 5.770635194535927326e+00
5.175205636311107860e+00 4.128622157157236572e+00
5.475244812499171942e+00 5.328689591631852629e+00
2.025509613896230743e+00 1.873173929053298270e+00
6.972739980872842303e+00 7.893207404892853774e+00
4.200252538017013038e+00 4.237176061526918502e+00
3.816156240667763377e+00 3.895763151469923358e+00
4.330042207939225563e+00 5.125538657183198232e+00
4.144385112625076140e+00 4.099439839281379783e+00
4.192806231374087034e+00 4.094502089850204030e+00
4.772212937385940990e+00 3.854517867631656713e+00
3.591427813400437596e+00 2.923776775140226825e+00
6.543570374192604788e+00 6.728432269771712271e+00
6.303138800558117261e+00 6.069214735201778232e+00
4.534997764424919531e+00 3.709307775527260098e+00
3.261173386223795490e+00 3.296618544747452972e+00
5.094592370960099537e+00 4.756954047452778056e+00
4.895767549320429346e+00 4.662667714293952770e+00
3.864756864590051855e+00 4.427218126062895998e+00
4.155640773540397070e+00 3.334147711416548976e+00
2.884745403015384291e+00 2.725649909686882477e+00
4.733551687138152886e+00 4.081198498535112407e+00
3.041945819125152273e+00 3.384414192690295309e+00
4.271531803966741592e+00 4.686956346528440953e+00
4.602625605188471525e+00 4.948684654479660772e+00
3.659316211418627063e+00 4.184547078089376981e+00
4.073825601954472297e+00 4.801392519496496369e+00
5.969351123741919452e+00 6.060040413046249519e+00
5.798424189066305523e+00 5.851976469785861390e+00
4.518430473201771491e+00 3.861279766320445894e+00
4.426208230843284852e+00 5.104626992613734870e+00
4.648686526372626027e+00 4.601498584728450858e+00
5.099564673433274464e+00 4.874642134256950143e+00
5.508967840613549605e+00 5.875415938101473223e+00
6.389436286806136067e+00 6.165071747906589295e+00
6.278284748103651225e+00 6.255473431199223278e+00
5.593406230881713626e+00 5.472341143650617745e+00
5.206844402104621850e+00 5.340497258084761611e+00
4.379872661528121824e+00 4.951794629893238486e+00
5.435017311616247682e+00 6.834424857912373419e+00
5.239751246426943787e+00 5.453930821668162565e+00
6.363660557474135615e+00 6.826931353787861312e+00
3.854177629689795381e+00 3.254977336347954608e+00
4.522644734581122705e+00 4.370136496908392232e+00
5.352678476318532219e+00 5.823300318105257389e+00
4.839783028845394242e+00 5.516920958855529911e+00
5.453943943051297261e+00 4.864123251207494114e+00
4.540494353539063610e+00 4.936900856674231619e+00
6.193842947652469455e+00 6.297138178228928851e+00
5.184583162705600046e+00 5.496663877960672018e+00
6.072470525113988771e+00 5.648525674705926036e+00
4.144096940051057665e+00 3.877862649113591687e+00
5.917980965083263989e+00 5.889426122413528475e+00
3.221465486906822662e+00 3.758528473781192147e+00
4.125858479774371368e+00 3.399333917888775591e+00
5.123152425386534148e+00 6.457052797093298935e+00
3.922701618967015413e+00 4.052574167561219909e+00
6.579259052498375837e+00 5.758800920335396256e+00
6.180987220719460495e+00 5.426978143746817196e+00
6.179692007299154355e+00 6.004401725332903617e+00
4.397685618813490294e+00 4.460065517056718498e+00
4.021836521181721302e+00 4.550823230703394451e+00
4.905088050555113988e+00 4.614009811570813469e+00
4.126011450677816050e+00 4.057616720489240159e+00
5.263456893524229407e+00 5.231517947974465343e+00
5.151871692044542428e+00 4.673682751488726694e+00
5.031766788086656561e+00 5.258761502139829958e+00
6.379373859589934526e+00 6.511100748733935184e+00
5.481516213329774345e+00 5.719380773992775779e+00
5.378478620947380051e+00 4.824088687432233513e+00
4.916411018788478415e+00 4.138804383062161030e+00
5.528918500524072854e+00 6.592836702436470908e+00
5.243823269775175433e+00 5.821565405671891291e+00
6.065563182903450645e+00 5.907939184321167048e+00
5.515994987034045671e+00 5.645241272640053154e+00
3.772079612028307771e+00 3.745995324507873647e+00
5.130466987211248053e+00 5.004654804632113319e+00
5.452005535700006789e+00 5.261828591322712079e+00
5.199357113813111830e+00 6.320386518164688106e+00
5.645668815981540689e+00 5.492118257057767572e+00
4.761019760019849834e+00 4.717055499108799843e+00
4.354694741621680798e+00 4.728251693413837664e+00
5.468529420380616735e+00 5.430392143103240699e+00
4.735276587266451287e+00 4.559324429436490966e+00
5.099113500511080588e+00 5.422715898262034706e+00
5.479667455083487404e+00 6.486244622707814322e+00
6.283882096029526743e+00 5.489913857502306094e+00
4.229161074938132536e+00 4.000752758600643944e+00
4.229939224027178035e+00 4.595538916866073187e+00
5.901939204949962381e+00 5.508632201934773320e+00
6.213696446352486191e+00 6.013033858263684195e+00
5.001884021297385630e+00 4.732214539285170218e+00
5.379012109496186689e+00 5.400319010479949888e+00
4.959958663710091642e+00 4.867098648194748023e+00
6.375782462108399606e+00 5.966751827648097084e+00
3.960237783837695424e+00 3.243978250821101916e+00
3.828976058528707149e+00 3.286150962714907919e+00
6.081015658403348567e+00 5.584826786833549939e+00
5.325999601262813243e+00 4.968776837528332102e+00
3.557669275147259391e+00 3.565788052253307860e+00
4.460864801536045476e+00 3.669399289907883777e+00
5.914900811248177348e+00 5.841260915907079188e+00
6.250842728353420696e+00 6.307832855768194413e+00
4.929806748283690254e+00 5.086211562132727515e+00
4.289187953575028800e+00 4.362551155968838579e+00
5.854864325536425440e+00 5.479810135910608615e+00
5.957738432119163541e+00 5.347725764651812597e+00
6.617469582574072362e+00 5.994779555807018490e+00
4.025297224652339523e+00 3.606132611878496874e+00
4.833337658752981270e+00 5.107363692445945347e+00
5.491620513270878412e+00 5.394792275795065706e+00
5.855212645485722511e+00 5.810893254672349073e+00
4.353853202712064885e+00 4.180775364551109874e+00
6.363034617585606512e+00 6.274808586539517563e+00
4.578531810988530459e+00 5.027123091610939731e+00
5.890073042191770192e+00 5.621118892003484468e+00
4.524962738801462159e+00 4.256997559335100156e+00
6.834079127662908704e+00 6.709118470229073594e+00
4.150797272586989273e+00 4.538959738451199044e+00
4.461721901896652298e+00 3.052006257677924772e+00
5.469620452027530000e+00 4.495636116930841197e+00
2.572561471774003738e+00 2.535705708978643447e+00
5.324599121537709756e+00 5.798622456100685163e+00
4.967437862626531420e+00 4.831306733630313488e+00
4.441000643702785133e+00 4.402554984346411793e+00
3.501119791329290631e+00 3.901380990310175267e+00
5.263094195045631807e+00 5.334536165999561597e+00
6.766073006378352517e+00 6.048466254388963570e+00
3.791638257964331515e+00 4.358799922007938754e+00
4.330110868254394951e+00 3.995498150539772197e+00
5.247139531545927049e+00 5.570290091589244597e+00
3.534264827108613005e+00 2.922622874136660887e+00
3.774759501086676572e+00 3.818601828534563314e+00
4.165993551211612633e+00 4.446793840429738687e+00
6.096279473919643976e+00 5.120824709438847933e+00
5.237385956634430961e+00 4.789148802827910778e+00
6.188622796950391525e+00 6.498746053255703536e+00
6.197558639211440124e+00 6.558331233249822034e+00
4.621637104775031979e+00 4.533131211548633743e+00
4.568893258763981891e+00 3.777262881590671917e+00
3.530080904458108737e+00 3.727351267347017050e+00
5.255971019800488975e+00 4.523935311346972021e+00
4.552274955941610024e+00 4.750694189097863784e+00
4.116296691376641448e+00 4.326245838973757252e+00
4.023238725409012062e+00 4.094423074309921695e+00
4.813090634240776211e+00 4.737577923057910922e+00
4.889617861620590311e+00 5.048217188711278780e+00
4.402903443039238418e+00 5.226794362658403692e+00
3.148882576969795899e+00 2.416040493587581217e+00
5.894992549610424071e+00 6.975640230406350284e+00
5.452506845340908903e+00 5.482602030986848618e+00
5.625724467662115202e+00 4.953056821913378371e+00
4.104124903409489100e+00 4.403258153993231616e+00
5.751537123009335950e+00 5.952323857940367446e+00
6.759048590010765523e+00 6.609293563603388044e+00
5.029177881610666923e+00 4.301174646817298886e+00
4.860871625695343035e+00 5.283839713565152252e+00
6.138017916167656907e+00 6.120335140815482688e+00
5.410215154785937841e+00 4.687125599968137379e+00
5.773566137367410533e+00 5.116750136700053631e+00
4.164964278368174178e+00 4.175651990812178305e+00
6.195833253267662322e+00 6.480449146921193559e+00
5.631696190015693659e+00 5.051262930352175218e+00
4.407914609037438147e+00 4.691125220305901067e+00
5.543825365058999921e+00 5.554554131658685279e+00
4.356473593181228843e+00 4.433473046562059316e+00
5.880595079734048269e+00 6.193844646769959716e+00
4.957697070384313065e+00 5.092550905412752016e+00
4.933243518696113661e+00 4.230533626532745117e+00
6.682318769893221599e+00 6.852865254538004436e+00
6.753213464790489340e+00 6.734807284922380788e+00
3.673680307367382269e+00 3.894794540000857452e+00
4.003615406021567402e+00 3.798485301515515111e+00
5.875616615463992609e+00 6.874096708204278094e+00
5.757912198561216499e+00 5.709914198055289880e+00
5.033924688227489064e+00 4.860052393294475692e+00
5.209315667533621408e+00 4.369905172623109735e+00
4.111184060260328010e+00 3.964609623591524468e+00
5.333384258257663824e+00 6.175283614474781579e+00
5.315763737783872678e+00 6.196679850360029107e+00
5.566974372593275433e+00 4.634302251926231797e+00
3.933397410784972958e+00 4.269489697230419267e+00
5.458585764947886609e+00 5.530855717691115281e+00
5.013000646131380300e+00 4.127782210199687718e+00
6.491112335052596549e+00 5.831269931915478821e+00
4.604603552348525142e+00 4.432534750338308349e+00
5.049133696261833393e+00 4.875350414214265626e+00
5.523301669315586082e+00 6.552834909344486647e+00
5.615767530540543007e+00 6.206126452450199338e+00
5.768632856356298078e+00 5.294875491265280232e+00
4.656907707935881824e+00 4.846692001227211222e+00
6.593611605312664992e+00 6.060521173170647202e+00
5.015666152958435653e+00 5.472819826714335534e+00
3.785673959044157932e+00 3.605885682078066257e+00
5.169356764858489051e+00 4.591280098484682881e+00
4.385899423209391301e+00 3.406894991802964512e+00
7.870402737993585696e+00 7.705474353995644066e+00
4.287159227276050366e+00 5.025085362225676811e+00
4.425776838097903010e+00 4.459570351464797078e+00
5.069584439962243394e+00 5.172096830509180343e+00
4.797860319769926996e+00 4.781119204431409031e+00
5.149373356248966083e+00 5.176736963845757877e+00
5.079385460084035131e+00 5.709434820982330905e+00
5.292776981042963236e+00 5.349577606088232962e+00
5.522025431112827398e+00 6.058260683802571656e+00
4.658160600567274656e+00 4.512995824170344505e+00
3.586338779587900483e+00 3.877859256339071692e+00
5.715178946119323200e+00 6.103628542189786899e+00
4.248081365426496170e+00 3.771477545298297152e+00
3.736161513192827854e+00 3.306317329196789778e+00
5.780111711380299333e+00 6.325091701341986727e+00
5.791219274270783757e+00 5.895925336326392596e+00
4.079821948947429000e+00 4.216320694826842796e+00
5.053299933541728350e+00 4.850930805662962086e+00
3.229053027864402292e+00 3.255791812599365009e+00
5.599933974783368740e+00 6.462958068087792718e+00
6.605200523807825519e+00 6.519822450046206974e+00
4.166527674904688894e+00 4.449500333901578841e+00
4.029029772393666775e+00 4.544501140665593297e+00
2.856228425226057244e+00 2.614791027126916578e+00
5.322035727958952300e+00 4.605849984382825113e+00
3.778810281015960282e+00 4.170760887656344451e+00
5.008297145609340362e+00 4.944716781235608316e+00
4.356598512257450651e+00 3.959972701880738466e+00
5.280387547312598073e+00 5.075033584193353597e+00
5.420940413694967930e+00 5.360021086270490009e+00
4.366018055705323420e+00 4.528235489047823137e+00
4.790689221489441429e+00 5.046910139828598929e+00
5.292529668152361033e+00 5.964882918517001364e+00
4.014254249442134714e+00 4.154252910801851328e+00
3.677399109673006095e+00 3.048671960448922746e+00
6.506644489809455756e+00 6.627805043762647230e+00
5.085051300475866398e+00 4.510537189533855518e+00
6.233288257143894562e+00 6.631199947351035462e+00
5.009700532164682585e+00 5.264923686731146191e+00
6.336848044151793147e+00 6.351848362845771589e+00
4.189861108513634136e+00 4.200467807025471068e+00
5.394547968778748093e+00 5.483254536056263895e+00
5.945410595844112578e+00 6.038321637133426734e+00
4.594796084905643951e+00 3.906976003861028612e+00
6.009482586657862946e+00 6.102903929868347177e+00
6.611402040615102393e+00 6.928500738751503185e+00
5.247549544818156164e+00 4.942231613271779622e+00
5.583937393325852483e+00 5.668838536476525469e+00
4.216535880243510448e+00 4.640822376128982185e+00
3.574187457081910324e+00 3.815662563135336249e+00
5.586123048642134492e+00 5.897047203286414963e+00
4.723395243724064940e+00 5.028776396553777950e+00
5.775613204179417259e+00 6.556244618969799376e+00
5.557126000076098471e+00 5.199519945991985637e+00
4.825112146390806878e+00 4.213135722134718542e+00
4.569261524301454713e+00 4.773203030808081060e+00
5.925211963181045149e+00 5.330739937875654810e+00
3.999664926587612968e+00 3.932286364670878775e+00
5.088935541103293936e+00 5.058535620162121660e+00
3.617107820010948327e+00 3.571738027430805040e+00
3.768952774899200442e+00 3.847139999892284390e+00
5.334529682192137301e+00 5.141683828066107687e+00
5.815378592323205531e+00 6.101804990244277249e+00
5.286049967854295595e+00 4.682883259860944669e+00
5.605830782911319865e+00 5.635850354975180387e+00
4.654247438176422946e+00 4.072919852616598391e+00
3.986401331993777664e+00 3.302627608976353102e+00
5.634896826377838508e+00 5.080230412891221903e+00
5.141504014635801312e+00 5.704981802966496041e+00
3.857883385908583485e+00 3.922527250069501648e+00
4.240701775776273053e+00 4.619452248297868380e+00
4.531833502150807824e+00 4.898289870739296781e+00
4.517377959377745000e+00 5.174305427875718344e+00
4.729157724260060647e+00 3.771605397406172067e+00
5.047471661312495250e+00 4.471685507390900760e+00
5.365067778823975786e+00 4.646815892768167089e+00
4.398965391715030648e+00 3.730461417360288134e+00
5.394481650417431773e+00 5.147976307173298238e+00
6.424799446009426873e+00 6.069885731928739148e+00
4.884141526622297391e+00 4.606791883157890233e+00
5.384177309302005554e+00 5.108825590567050767e+00
3.497351761179046115e+00 3.927138724922775825e+00
5.308279657027940246e+00 5.458973953183919647e+00
4.334810948276732745e+00 4.334211290805960459e+00
4.295554539461101662e+00 4.498311402077895593e+00
3.280360829910815568e+00 4.237214549330671431e+00
4.640326618035932604e+00 4.266699723910663877e+00
4.915742898690842466e+00 4.589861738715616646e+00
5.047425511451518965e+00 5.235221518640702065e+00
7.230278382710894292e+00 7.704453035170415909e+00
4.359133056360651182e+00 4.056614805660863077e+00
5.214726451269143581e+00 5.242717768971626668e+00
5.753992491407019294e+00 4.806878866490629676e+00
3.960756465745314259e+00 3.811790101796106889e+00
4.832864327237702540e+00 4.770049891848723966e+00
5.276398879716253099e+00 5.889265321311432544e+00
3.976833371090076952e+00 3.706440997903286849e+00
4.549931813004898906e+00 5.458784599024013140e+00
5.835667295844608304e+00 6.298027040116844333e+00
5.857538907673076167e+00 5.681521981339110461e+00
4.884229311399150397e+00 4.546279961227650546e+00
5.247080943831066158e+00 6.152577522480165761e+00
4.983868275551760263e+00 5.036512530745787863e+00
5.117736603357890601e+00 5.098325835166874320e+00
4.467759376104886826e+00 4.559214454842622999e+00
5.583741737550150575e+00 5.915473343415027507e+00
3.785250863024360424e+00 4.332566592468161559e+00
6.417548529533635637e+00 5.823620152641410641e+00
4.326811923085124079e+00 4.235589185093845188e+00
6.578169680538116459e+00 6.473049248968275826e+00
4.528156369448181451e+00 4.089206319219131025e+00
4.524727780482423967e+00 5.065828623897631999e+00
4.772128148644032564e+00 5.117602734377860507e+00
3.611016083202334137e+00 4.074366696272832655e+00
6.329558385071607063e+00 6.915245485728045871e+00
4.231182547145673212e+00 3.673789508647204549e+00
5.297740649758659437e+00 4.966901337787575699e+00
6.025362397134754744e+00 6.430675150960405873e+00
4.573267050117889809e+00 5.081941228963808399e+00
4.952493628491946076e+00 5.276461669824244360e+00
3.826507540447313005e+00 3.259066428529619586e+00
4.597642800875310520e+00 4.444663277295967774e+00
5.632480936884040723e+00 6.432695081111193147e+00
3.922913128564993190e+00 4.257115624326115899e+00
2.976144562734628796e+00 2.867641884926478202e+00
4.232272148874975493e+00 4.436877831672065398e+00
4.316545089931294044e+00 4.052130116020246753e+00
5.358250700253771370e+00 5.777868869280563757e+00
5.116356310070351299e+00 5.076900328477849555e+00
6.391722903064264827e+00 5.932637362645968970e+00
4.988322717747902146e+00 4.971408843683772005e+00
5.571827678067924339e+00 5.577090943288969704e+00
5.324729980652238126e+00 4.598460370491126881e+00
5.261683212189924852e+00 4.436233422249602931e+00
4.401396043179976125e+00 4.556909341331430774e+00
4.447383188156131872e+00 4.254871182715150191e+00
6.328482947017935345e+00 6.735533748277807931e+00
3.956497461943731864e+00 3.596610548042869837e+00
6.533259710383098273e+00 5.588580830191499871e+00
5.651942851608643181e+00 6.617659111810838546e+00
4.211765354396926675e+00 4.118820866698762906e+00
4.395057873838942086e+00 5.022030743353241178e+00
4.694114350444882788e+00 4.407790876434009242e+00
5.356951254363606196e+00 5.318584370120046145e+00
4.589268580337044767e+00 4.457300165500074129e+00
3.089822964704674657e+00 2.665313918535818338e+00
4.039563597362697323e+00 3.754101006648147276e+00
5.367906506068944594e+00 5.575557143700823559e+00
5.115970629247298618e+00 4.572039849050112181e+00
5.372053697461264044e+00 5.228531261149576004e+00
5.323931862777123492e+00 5.401138448441093587e+00
6.314038124120401108e+00 5.945359986444305633e+00
4.997872103007282796e+00 4.891909097876325774e+00
3.934624457805242059e+00 4.300359453540480992e+00
3.413271786384462381e+00 3.278843951988317240e+00
5.058997048917574624e+00 4.600298244512734058e+00
3.923184988216048996e+00 3.566173046947675118e+00
5.970580357391678916e+00 7.016794437602679402e+00
5.337529173132223193e+00 5.377746524796937599e+00
4.503499047074387640e+00 4.505538676712251167e+00
4.927301433800437280e+00 4.926815919624867313e+00
6.254407098081613547e+00 6.205171458575993171e+00
4.562635401215634268e+00 5.304196586885489673e+00
4.420713180678337295e+00 4.970216741709334585e+00
5.253169623399048582e+00 5.799706625245593550e+00
4.651362067785887788e+00 4.407738165231894101e+00
4.905397600349309606e+00 4.510091830970880622e+00
5.684142184766736605e+00 5.410632966620070761e+00
5.811645672446138278e+00 4.888889568203316216e+00
5.709114361302740193e+00 5.575388613265296556e+00
4.578523225931783180e+00 5.021920250192160040e+00
3.964547598592608857e+00 4.140718564632052789e+00
3.432620099771158451e+00 4.208685837490480530e+00
4.658523299397413275e+00 4.923438292327104726e+00
4.773760330356028980e+00 3.777013490540292118e+00
7.491298612244533750e+00 7.156200888138762650e+00
4.243165162518282685e+00 5.238952326982920127e+00
5.470929385109164933e+00 5.114353829209438373e+00
4.005105350652907070e+00 3.981664310643941107e+00
5.541953193829474600e+00 5.375794506223081193e+00
7.131610692399181772e+00 7.086869723384143782e+00
5.330139746134604728e+00 5.583483690360601770e+00
5.766439447501327642e+00 5.814907259917096560e+00
4.334213800152050489e+00 4.404460110597353761e+00
5.043401667284911127e+00 4.590013960266626114e+00
5.018429115184711797e+00 4.433408040589001509e+00
4.997632366636130641e+00 4.277919228499967197e+00
4.962954148528771370e+00 5.420501336079327714e+00
6.132938406994311364e+00 6.005401167560012077e+00
4.736828632511880244e+00 5.360471694147945776e+00
4.988357162517210064e+00 5.273628005998457269e+00
4.382002765554203094e+00 3.983158060786704091e+00
5.037434702640489093e+00 5.151676151903980205e+00
6.687933888191230025e+00 5.908857165667122047e+00
4.901118243700337551e+00 5.350355216808032388e+00
5.493311589926588745e+00 5.085576888665737094e+00
5.185510786815100914e+00 5.506320263971717921e+00
4.071295905891567202e+00 4.252833367055543157e+00
4.173394530893333787e+00 3.805380704659284241e+00
5.704971016992832489e+00 5.982500274409399132e+00
5.112280160393120276e+00 4.844828853887737985e+00
5.361486165457992392e+00 5.592508070368786832e+00
3.951615917036299663e+00 2.983380036733323859e+00
4.206320458113941285e+00 5.671691305576582742e+00
4.492519535749323722e+00 4.072988130754507274e+00
5.702907912034358873e+00 5.499944776196394436e+00
3.088738897117540017e+00 3.243775568896726913e+00
3.978120588290393833e+00 4.717478150701487571e+00
4.805172717719507602e+00 4.805394047573921412e+00
5.899367423860827131e+00 5.420083732227355178e+00
4.992805384689894765e+00 4.763656683404845715e+00
4.147599301708320141e+00 3.987785775286541323e+00
4.185296603547280725e+00 4.165072426465235900e+00
4.413944240031593580e+00 4.595596719881811509e+00
7.896710572166099062e+00 8.388200421920428695e+00
4.479049958855168434e+00 4.425373711519735132e+00
5.657546488975092380e+00 5.935989723634143012e+00
7.687259291711154852e+00 7.060692567027551547e+00
6.243319230442681445e+00 6.579912945964488280e+00
5.498314068869210480e+00 5.916533092247002301e+00
5.216499561493762371e+00 5.326803671063395917e+00
4.932239260041979989e+00 4.637498555138364509e+00
6.210005934577073283e+00 6.162600251045630806e+00
5.594996952209296381e+00 5.766459516302675503e+00
5.971562745467480227e+00 6.744259660589898786e+00
5.403550880968653658e+00 5.031743368190808141e+00
6.250377167746976603e+00 6.553171357922355611e+00
5.797794479309291482e+00 5.329049793903491761e+00
4.680073254700753971e+00 4.519394098480494115e+00
4.215724469358843152e+00 5.018021599652771059e+00
4.658000166060433322e+00 4.642226787660615805e+00
4.678738650095469076e+00 5.267635547794072615e+00
2.686904637896353698e+00 3.824702902374671254e+00
5.164358805126020080e+00 4.401129387657415570e+00
5.468122198330716444e+00 5.532086680634170861e+00
4.279606759412676098e+00 4.541523390798142046e+00
